# r 

x <- 2
y <- 5
